SIZE	None	TE.DNA	TE.LTR_Retro_LINE_SINE	TE.Other	exon	intron	rRNA	tRNA	TOTAL
18	0	0	0	0	2	0	0	2	4
19	0	0	0	0	14	0	0	14	28
20	0	0	0	0	3	0	0	3	6
21	1	0	0	0	10	0	0	10	21
22	0	0	0	2	0	0	4	0	6
23	0	0	0	0	0	0	0	0	0
24	0	0	0	0	2	0	0	2	4
25	0	0	0	0	15	0	0	15	30
26	0	0	0	0	6	0	0	6	12
27	0	0	0	0	0	0	0	0	0
28	0	0	0	0	0	0	0	0	0
29	0	0	0	0	3	0	0	1	4
30	0	0	0	0	7	3	0	7	17
