SIZE	None	TE.DNA	TE.LTR_Retro_LINE_SINE	TE.Other	exon	intron	rRNA	tRNA	TOTAL
18	0	0	0	0	2	0	2	2	6
19	0	0	0	0	14	0	1	14	29
20	0	0	0	0	3	0	2	3	8
21	1	0	0	0	14	0	2	14	31
22	0	0	0	2	0	0	6	0	8
23	0	0	0	0	0	0	0	0	0
24	0	0	0	0	2	0	2	2	6
25	0	0	0	0	15	0	0	15	30
26	0	0	0	0	6	0	0	6	12
27	0	0	0	0	0	0	0	0	0
28	0	0	0	0	0	0	0	0	0
29	0	0	0	0	3	0	0	1	4
30	0	0	0	0	13	3	0	13	29
